Chr	BP
1	23638820
1	25648320
1	27010980
1	39800767
1	55277238
1	62798530
1	92782026
1	109619829
1	149225460
1	154967275
1	176781935
1	180435508
1	219040186
1	228362314
1	232925220
2	21117405
2	27584444
2	43926080
2	63003061
2	118552311
2	121025958
2	135554376
2	165249046
2	169538401
2	203240549
2	211248752
2	216012629
2	226808942
2	234344123
3	11375249
3	12603920
3	32508014
3	47036187
3	50104403
3	52507158
3	58356327
3	121043296
3	133645890
3	137409312
4	3442937
4	25672088
4	88249285
4	89960292
4	100233828
4	103407732
5	53333782
5	55897543
5	74692295
5	122883315
5	156322875
6	16235386
6	26201120
6	32520413
6	34654538
6	39358815
6	43865874
6	116419586
6	127477757
6	135452921
6	139871359
6	160498850
7	1050303
7	6415797
7	17885783
7	21573877
7	25958351
7	44545705
7	50276409
7	71767603
7	72620810
7	116145280
7	130083924
7	150160382
8	9220768
8	10721339
8	18317161
8	19888502
8	55584167
8	59551119
8	116668374
8	126560154
8	145115531
9	2630759
9	15295378
9	106704122
9	135144821
10	5244847
10	17300296
10	45333283
10	64697616
10	94829632
10	113923876
11	10345358
11	18589560
11	46699823
11	51368666
11	61326406
11	65147893
11	75132669
11	116154127
11	117991277
11	122027585
11	125749162
12	8973848
12	20365025
12	56078847
12	108484576
12	110556807
12	119901033
12	122362191
12	123026120
12	123827546
13	31851388
14	23953727
14	104348254
15	40471079
15	42033223
15	56470658
15	61183920
16	15037441
16	30825988
16	52366748
16	55550825
16	66485543
16	70665594
16	80092291
17	7032374
17	35067382
17	39233692
17	42780114
17	61641042
17	64386889
17	73915579
18	45414951
18	56000003
19	7175431
19	8339196
19	11063306
19	11208493
19	19268718
19	38590905
19	50114786
19	53898229
19	57016028
19	59484573
20	12910718
20	17793921
20	33616196
20	38524901
20	39106032
20	42475778
20	43987422
22	20262068
22	28708703
22	34041098
22	36875979
22	45006267
